MEME version 4

ALPHABET= ACGT

strands: + -

Background letter frequencies (from
A 0.25 C 0.25 G 0.25 T 0.25 

MOTIF USF
letter-probability matrix: alength= 4 w= 16 nsites= 100 E= 0 
 0.333333  0.000000  0.333333  0.333333 
 0.000000  1.000000  0.000000  0.000000 
 0.000000  1.000000  0.000000  0.000000 
 1.000000  0.000000  0.000000  0.000000 
 0.000000  0.000000  0.000000  1.000000 
 0.250000  0.250000  0.250000  0.250000 
 0.500000  0.000000  0.500000  0.000000 
 0.500000  0.000000  0.000000  0.500000 
 0.000000  1.000000  0.000000  0.000000 
 1.000000  0.000000  0.000000  0.000000 
 0.000000  1.000000  0.000000  0.000000 
 0.333333  0.333333  0.333333  0.000000 
 0.000000  0.000000  0.500000  0.500000 
 0.500000  0.000000  0.500000  0.000000 
 0.000000  0.000000  1.000000  0.000000 
 0.000000  1.000000  0.000000  0.000000 

MOTIF Ap1
letter-probability matrix: alength= 4 w= 13 nsites= 100 E= 0 
 0.000000  0.000000  1.000000  0.000000 
 0.250000  0.250000  0.250000  0.250000 
 0.250000  0.250000  0.250000  0.250000 
 0.000000  0.000000  0.000000  1.000000 
 0.000000  0.000000  0.500000  0.500000 
 0.500000  0.500000  0.000000  0.000000 
 0.500000  0.500000  0.000000  0.000000 
 0.500000  0.000000  0.000000  0.500000 
 0.000000  0.500000  0.500000  0.000000 
 1.000000  0.000000  0.000000  0.000000 
 0.250000  0.250000  0.250000  0.250000 
 0.250000  0.250000  0.250000  0.250000 
 0.000000  0.000000  1.000000  0.000000 

MOTIF LSF-YY1
letter-probability matrix: alength= 4 w= 13 nsites= 100 E= 0 
 0.250000  0.250000  0.250000  0.250000 
 0.250000  0.250000  0.250000  0.250000 
 0.000000  0.000000  1.000000  0.000000 
 0.250000  0.250000  0.250000  0.250000 
 0.333333  0.000000  0.333333  0.333333 
 0.000000  1.000000  0.000000  0.000000 
 0.000000  1.000000  0.000000  0.000000 
 1.000000  0.000000  0.000000  0.000000 
 0.000000  0.000000  0.000000  1.000000 
 0.250000  0.250000  0.250000  0.250000 
 0.000000  0.000000  1.000000  0.000000 
 0.250000  0.250000  0.250000  0.250000 
 0.250000  0.250000  0.250000  0.250000 

MOTIF COUP
letter-probability matrix: alength= 4 w= 34 nsites= 100 E= 0 
 0.000000  0.000000  1.000000  0.000000 
 0.000000  0.000000  1.000000  0.000000 
 0.500000  0.000000  0.500000  0.000000 
 0.000000  1.000000  0.000000  0.000000 
 0.000000  1.000000  0.000000  0.000000 
 1.000000  0.000000  0.000000  0.000000 
 0.000000  0.000000  1.000000  0.000000 
 0.000000  0.000000  1.000000  0.000000 
 0.000000  0.000000  1.000000  0.000000 
 0.500000  0.000000  0.500000  0.000000 
 0.000000  0.500000  0.000000  0.500000 
 0.000000  0.500000  0.000000  0.500000 
 1.000000  0.000000  0.000000  0.000000 
 0.000000  0.000000  1.000000  0.000000 
 1.000000  0.000000  0.000000  0.000000 
 0.000000  0.000000  0.000000  1.000000 
 0.500000  0.000000  0.000000  0.500000 
 0.000000  0.500000  0.000000  0.500000 
 0.000000  1.000000  0.000000  0.000000 
 0.000000  1.000000  0.000000  0.000000 
 1.000000  0.000000  0.000000  0.000000 
 0.000000  1.000000  0.000000  0.000000 
 0.000000  0.000000  0.000000  1.000000 
 0.000000  0.000000  1.000000  0.000000 
 0.500000  0.000000  0.000000  0.500000 
 0.000000  0.500000  0.500000  0.000000 
 0.333333  0.333333  0.000000  0.333333 
 0.000000  0.000000  0.000000  1.000000 
 0.000000  0.000000  0.000000  1.000000 
 0.000000  0.000000  0.000000  1.000000 
 0.000000  0.000000  1.000000  0.000000 
 0.000000  0.000000  1.000000  0.000000 
 0.500000  0.000000  0.500000  0.000000 
 0.000000  0.000000  0.000000  1.000000 

MOTIF Sp1-1
letter-probability matrix: alength= 4 w= 12 nsites= 100 E= 0 
 0.000000  0.000000  1.000000  0.000000 
 0.000000  0.000000  1.000000  0.000000 
 0.000000  0.000000  1.000000  0.000000 
 1.000000  0.000000  0.000000  0.000000 
 0.000000  1.000000  0.000000  0.000000 
 0.000000  0.000000  1.000000  0.000000 
 0.000000  0.000000  0.000000  1.000000 
 0.000000  0.000000  1.000000  0.000000 
 0.000000  0.000000  1.000000  0.000000 
 0.000000  0.500000  0.000000  0.500000 
 0.000000  0.333333  0.333333  0.333333 
 1.000000  0.000000  0.000000  0.000000 

MOTIF Sp1-2
letter-probability matrix: alength= 4 w= 12 nsites= 100 E= 0 
 0.250000  0.250000  0.250000  0.250000 
 0.000000  0.000000  0.000000  1.000000 
 0.000000  0.000000  1.000000  0.000000 
 0.000000  0.000000  1.000000  0.000000 
 0.000000  0.000000  1.000000  0.000000 
 0.000000  1.000000  0.000000  0.000000 
 0.000000  0.000000  1.000000  0.000000 
 0.000000  0.000000  1.000000  0.000000 
 0.000000  0.000000  1.000000  0.000000 
 1.000000  0.000000  0.000000  0.000000 
 0.000000  1.000000  0.000000  0.000000 
 0.250000  0.250000  0.250000  0.250000 

MOTIF RCS
letter-probability matrix: alength= 4 w= 23 nsites= 100 E= 0 
 0.500000  0.000000  0.500000  0.000000 
 0.000000  0.000000  0.000000  1.000000 
 0.000000  0.500000  0.000000  0.500000 
 0.000000  0.000000  0.000000  1.000000 
 0.000000  0.000000  1.000000  0.000000 
 1.000000  0.000000  0.000000  0.000000 
 0.000000  0.000000  1.000000  0.000000 
 0.000000  1.000000  0.000000  0.000000 
 0.000000  1.000000  0.000000  0.000000 
 0.000000  0.500000  0.000000  0.500000 
 0.000000  0.000000  1.000000  0.000000 
 0.000000  0.000000  1.000000  0.000000 
 0.000000  0.000000  1.000000  0.000000 
 1.000000  0.000000  0.000000  0.000000 
 0.000000  0.000000  1.000000  0.000000 
 0.000000  1.000000  0.000000  0.000000 
 0.000000  0.000000  0.000000  1.000000 
 0.000000  1.000000  0.000000  0.000000 
 0.000000  0.000000  0.000000  1.000000 
 0.000000  1.000000  0.000000  0.000000 
 0.000000  0.000000  0.000000  1.000000 
 0.000000  0.000000  1.000000  0.000000 
 0.000000  0.000000  1.000000  0.000000 

MOTIF CoreNRE
letter-probability matrix: alength= 4 w= 16 nsites= 100 E= 0 
 0.000000  1.000000  0.000000  0.000000 
 1.000000  0.000000  0.000000  0.000000 
 0.000000  0.500000  0.000000  0.500000 
 0.000000  0.000000  0.500000  0.500000 
 0.333333  0.000000  0.333333  0.333333 
 0.500000  0.500000  0.000000  0.000000 
 0.500000  0.000000  0.500000  0.000000 
 0.500000  0.000000  0.000000  0.500000 
 0.000000  1.000000  0.000000  0.000000 
 1.000000  0.000000  0.000000  0.000000 
 0.000000  1.000000  0.000000  0.000000 
 0.333333  0.333333  0.333333  0.000000 
 0.000000  0.000000  0.000000  1.000000 
 0.500000  0.000000  0.500000  0.000000 
 0.000000  0.000000  1.000000  0.000000 
 0.000000  1.000000  0.000000  0.000000 

MOTIF NFkB1-1
letter-probability matrix: alength= 4 w= 15 nsites= 100 E= 0 
 0.250000  0.250000  0.250000  0.250000 
 0.250000  0.250000  0.250000  0.250000 
 0.250000  0.250000  0.250000  0.250000 
 0.000000  0.000000  1.000000  0.000000 
 1.000000  0.000000  0.000000  0.000000 
 0.000000  1.000000  0.000000  0.000000 
 0.000000  0.000000  0.000000  1.000000 
 0.000000  0.000000  0.000000  1.000000 
 0.000000  0.000000  0.000000  1.000000 
 0.000000  1.000000  0.000000  0.000000 
 0.000000  1.000000  0.000000  0.000000 
 0.500000  0.000000  0.500000  0.000000 
 0.250000  0.250000  0.250000  0.250000 
 0.250000  0.250000  0.250000  0.250000 
 0.250000  0.250000  0.250000  0.250000 

MOTIF NFkB1-2
letter-probability matrix: alength= 4 w= 11 nsites= 100 E= 0 
 0.000000  0.000000  1.000000  0.000000 
 0.000000  0.000000  1.000000  0.000000 
 0.500000  0.500000  0.000000  0.000000 
 0.000000  1.000000  0.000000  0.000000 
 0.000000  0.000000  0.500000  0.500000 
 0.000000  0.000000  0.000000  1.000000 
 0.000000  0.000000  0.000000  1.000000 
 0.000000  1.000000  0.000000  0.000000 
 0.000000  1.000000  0.000000  0.000000 
 0.500000  0.000000  0.500000  0.000000 
 0.000000  0.000000  1.000000  0.000000 

MOTIF NMF-1
letter-probability matrix: alength= 4 w= 17 nsites= 100 E= 0 
 0.000000  0.500000  0.500000  0.000000 
 0.500000  0.500000  0.000000  0.000000 
 0.000000  0.500000  0.500000  0.000000 
 0.000000  0.000000  1.000000  0.000000 
 1.000000  0.000000  0.000000  0.000000 
 0.500000  0.500000  0.000000  0.000000 
 1.000000  0.000000  0.000000  0.000000 
 0.000000  0.000000  1.000000  0.000000 
 1.000000  0.000000  0.000000  0.000000 
 0.000000  0.000000  1.000000  0.000000 
 1.000000  0.000000  0.000000  0.000000 
 1.000000  0.000000  0.000000  0.000000 
 0.000000  0.000000  1.000000  0.000000 
 0.000000  0.000000  0.000000  1.000000 
 0.000000  0.000000  1.000000  0.000000 
 0.000000  0.000000  0.000000  1.000000 
 0.000000  0.000000  0.000000  1.000000 

MOTIF NMF-2
letter-probability matrix: alength= 4 w= 18 nsites= 100 E= 0 
 0.500000  0.000000  0.500000  0.000000 
 0.500000  0.000000  0.500000  0.000000 
 0.500000  0.000000  0.000000  0.500000 
 0.500000  0.000000  0.500000  0.000000 
 0.000000  0.000000  0.000000  1.000000 
 0.000000  0.000000  1.000000  0.000000 
 0.000000  0.000000  1.000000  0.000000 
 1.000000  0.000000  0.000000  0.000000 
 1.000000  0.000000  0.000000  0.000000 
 0.000000  0.000000  1.000000  0.000000 
 0.000000  0.000000  0.000000  1.000000 
 0.000000  0.000000  0.000000  1.000000 
 0.000000  0.000000  1.000000  0.000000 
 1.000000  0.000000  0.000000  0.000000 
 0.000000  1.000000  0.000000  0.000000 
 1.000000  0.000000  0.000000  0.000000 
 0.000000  1.000000  0.000000  0.000000 
 0.000000  1.000000  0.000000  0.000000 

MOTIF NMF3
letter-probability matrix: alength= 4 w= 26 nsites= 100 E= 0 
 0.000000  0.500000  0.000000  0.500000 
 0.500000  0.500000  0.000000  0.000000 
 0.000000  0.000000  1.000000  0.000000 
 0.000000  1.000000  0.000000  0.000000 
 0.000000  0.000000  0.000000  1.000000 
 1.000000  0.000000  0.000000  0.000000 
 0.000000  0.000000  1.000000  0.000000 
 0.000000  1.000000  0.000000  0.000000 
 1.000000  0.000000  0.000000  0.000000 
 0.000000  0.500000  0.000000  0.500000 
 0.000000  0.000000  0.500000  0.500000 
 0.333333  0.333333  0.000000  0.333333 
 0.500000  0.500000  0.000000  0.000000 
 0.500000  0.000000  0.500000  0.000000 
 0.500000  0.000000  0.000000  0.500000 
 0.000000  1.000000  0.000000  0.000000 
 1.000000  0.000000  0.000000  0.000000 
 0.000000  1.000000  0.000000  0.000000 
 1.000000  0.000000  0.000000  0.000000 
 0.333333  0.333333  0.333333  0.000000 
 0.000000  0.000000  0.000000  1.000000 
 0.000000  0.000000  1.000000  0.000000 
 0.000000  0.000000  1.000000  0.000000 
 0.000000  1.000000  0.000000  0.000000 
 0.000000  1.000000  0.000000  0.000000 
 0.000000  1.000000  0.000000  0.000000 

MOTIF RBF2
letter-probability matrix: alength= 4 w= 15 nsites= 100 E= 0 
 0.250000  0.250000  0.250000  0.250000 
 0.000000  0.000000  1.000000  0.000000 
 0.250000  0.250000  0.250000  0.250000 
 1.000000  0.000000  0.000000  0.000000 
 0.000000  1.000000  0.000000  0.000000 
 0.000000  0.000000  0.000000  1.000000 
 0.000000  0.000000  1.000000  0.000000 
 0.500000  0.500000  0.000000  0.000000 
 0.000000  0.000000  0.000000  1.000000 
 0.500000  0.000000  0.500000  0.000000 
 1.000000  0.000000  0.000000  0.000000 
 0.000000  1.000000  0.000000  0.000000 
 0.250000  0.250000  0.250000  0.250000 
 0.000000  0.000000  1.000000  0.000000 
 0.250000  0.250000  0.250000  0.250000 

MOTIF p53
letter-probability matrix: alength= 4 w= 12 nsites= 100 E= 0 
 0.250000  0.250000  0.250000  0.250000 
 0.000000  0.000000  1.000000  0.000000 
 0.000000  0.000000  1.000000  0.000000 
 0.000000  0.500000  0.000000  0.500000 
 0.000000  0.000000  1.000000  0.000000 
 0.000000  0.000000  0.000000  1.000000 
 0.000000  0.000000  1.000000  0.000000 
 0.000000  0.000000  1.000000  0.000000 
 0.000000  0.500000  0.000000  0.500000 
 0.000000  0.500000  0.000000  0.500000 
 0.000000  0.000000  0.000000  1.000000 
 0.250000  0.250000  0.250000  0.250000 

MOTIF Ebox
letter-probability matrix: alength= 4 w= 12 nsites= 100 E= 0 
 1.000000  0.000000  0.000000  0.000000 
 0.000000  1.000000  0.000000  0.000000 
 0.333333  0.333333  0.333333  0.000000 
 0.000000  0.000000  0.000000  1.000000 
 0.500000  0.000000  0.500000  0.000000 
 0.000000  0.000000  1.000000  0.000000 
 0.000000  1.000000  0.000000  0.000000 
 0.000000  0.500000  0.000000  0.500000 
 0.500000  0.500000  0.000000  0.000000 
 0.500000  0.000000  0.500000  0.000000 
 0.500000  0.500000  0.000000  0.000000 
 0.000000  0.000000  1.000000  0.000000 

MOTIF Ebox2
letter-probability matrix: alength= 4 w= 14 nsites= 100 E= 0 
 0.250000  0.250000  0.250000  0.250000 
 0.000000  0.000000  1.000000  0.000000 
 0.250000  0.250000  0.250000  0.250000 
 0.250000  0.250000  0.250000  0.250000 
 0.000000  1.000000  0.000000  0.000000 
 1.000000  0.000000  0.000000  0.000000 
 0.250000  0.250000  0.250000  0.250000 
 0.250000  0.250000  0.250000  0.250000 
 0.000000  0.000000  0.000000  1.000000 
 0.000000  0.000000  1.000000  0.000000 
 0.250000  0.250000  0.250000  0.250000 
 0.000000  0.000000  1.000000  0.000000 
 0.250000  0.250000  0.250000  0.250000 
 0.250000  0.250000  0.250000  0.250000 

MOTIF EcoR1
letter-probability matrix: alength= 4 w= 6 nsites= 100 E= 0 
 0.000000  0.000000  1.000000  0.000000 
 1.000000  0.000000  0.000000  0.000000 
 1.000000  0.000000  0.000000  0.000000 
 0.000000  0.000000  0.000000  1.000000 
 0.000000  0.000000  0.000000  1.000000 
 0.000000  1.000000  0.000000  0.000000 

MOTIF E2F-1
letter-probability matrix: alength= 4 w= 14 nsites= 100 E= 0 
 0.250000  0.250000  0.250000  0.250000 
 0.000000  0.000000  1.000000  0.000000 
 0.000000  0.000000  0.000000  1.000000 
 0.000000  0.000000  0.000000  1.000000 
 0.000000  0.000000  0.000000  1.000000 
 0.000000  1.000000  0.000000  0.000000 
 0.000000  1.000000  0.000000  0.000000 
 0.500000  0.000000  0.500000  0.000000 
 0.000000  1.000000  0.000000  0.000000 
 0.000000  0.000000  0.000000  1.000000 
 0.500000  0.000000  0.000000  0.500000 
 0.500000  0.000000  0.500000  0.000000 
 0.000000  0.000000  1.000000  0.000000 
 0.250000  0.250000  0.250000  0.250000 

MOTIF LEF1
letter-probability matrix: alength= 4 w= 15 nsites= 100 E= 0 
 0.500000  0.000000  0.000000  0.500000 
 0.000000  0.500000  0.000000  0.500000 
 0.000000  0.000000  0.000000  1.000000 
 1.000000  0.000000  0.000000  0.000000 
 0.000000  1.000000  0.000000  0.000000 
 1.000000  0.000000  0.000000  0.000000 
 1.000000  0.000000  0.000000  0.000000 
 0.500000  0.000000  0.500000  0.000000 
 0.500000  0.000000  0.500000  0.000000 
 1.000000  0.000000  0.000000  0.000000 
 0.000000  1.000000  0.000000  0.000000 
 0.000000  0.000000  0.000000  1.000000 
 0.000000  0.000000  1.000000  0.000000 
 0.000000  1.000000  0.000000  0.000000 
 1.000000  0.000000  0.000000  0.000000 

MOTIF Sp1-3
letter-probability matrix: alength= 4 w= 13 nsites= 100 E= 0 
 0.250000  0.250000  0.250000  0.250000 
 0.500000  0.000000  0.500000  0.000000 
 0.000000  0.000000  1.000000  0.000000 
 0.000000  0.000000  1.000000  0.000000 
 0.000000  0.500000  0.000000  0.500000 
 0.000000  0.000000  1.000000  0.000000 
 0.333333  0.333333  0.000000  0.333333 
 0.000000  0.000000  1.000000  0.000000 
 0.000000  0.000000  1.000000  0.000000 
 0.000000  0.500000  0.000000  0.500000 
 0.000000  0.000000  0.000000  1.000000 
 0.000000  0.000000  0.000000  1.000000 
 0.250000  0.250000  0.250000  0.250000 

MOTIF NFAT
letter-probability matrix: alength= 4 w= 35 nsites= 100 E= 0 
 0.500000  0.000000  0.500000  0.000000 
 0.500000  0.000000  0.500000  0.000000 
 0.333333  0.000000  0.333333  0.333333 
 0.000000  0.000000  1.000000  0.000000 
 1.000000  0.000000  0.000000  0.000000 
 0.500000  0.000000  0.500000  0.000000 
 0.000000  0.000000  1.000000  0.000000 
 0.000000  0.000000  0.000000  1.000000 
 0.000000  0.000000  1.000000  0.000000 
 1.000000  0.000000  0.000000  0.000000 
 0.500000  0.000000  0.500000  0.000000 
 0.500000  0.000000  0.500000  0.000000 
 1.000000  0.000000  0.000000  0.000000 
 0.500000  0.000000  0.500000  0.000000 
 0.000000  0.000000  1.000000  0.000000 
 0.500000  0.500000  0.000000  0.000000 
 0.000000  1.000000  0.000000  0.000000 
 0.000000  0.000000  1.000000  0.000000 
 0.000000  0.000000  1.000000  0.000000 
 0.000000  0.000000  1.000000  0.000000 
 0.500000  0.500000  0.000000  0.000000 
 1.000000  0.000000  0.000000  0.000000 
 1.000000  0.000000  0.000000  0.000000 
 0.000000  0.000000  0.000000  1.000000 
 0.000000  1.000000  0.000000  0.000000 
 0.500000  0.000000  0.500000  0.000000 
 1.000000  0.000000  0.000000  0.000000 
 1.000000  0.000000  0.000000  0.000000 
 0.000000  0.000000  1.000000  0.000000 
 0.000000  0.000000  1.000000  0.000000 
 1.000000  0.000000  0.000000  0.000000 
 0.000000  0.000000  1.000000  0.000000 
 1.000000  0.000000  0.000000  0.000000 
 0.500000  0.000000  0.500000  0.000000 
 1.000000  0.000000  0.000000  0.000000 

MOTIF C/EBP
letter-probability matrix: alength= 4 w= 16 nsites= 100 E= 0 
 0.250000  0.250000  0.250000  0.250000 
 0.000000  0.000000  1.000000  0.000000 
 0.000000  1.000000  0.000000  0.000000 
 1.000000  0.000000  0.000000  0.000000 
 0.000000  0.500000  0.000000  0.500000 
 0.000000  0.000000  0.500000  0.500000 
 0.333333  0.000000  0.333333  0.333333 
 0.500000  0.500000  0.000000  0.000000 
 0.500000  0.000000  0.500000  0.000000 
 0.500000  0.000000  0.000000  0.500000 
 0.000000  1.000000  0.000000  0.000000 
 1.000000  0.000000  0.000000  0.000000 
 0.000000  0.500000  0.000000  0.500000 
 0.333333  0.333333  0.333333  0.000000 
 0.000000  0.000000  0.500000  0.500000 
 0.250000  0.250000  0.250000  0.250000 

MOTIF CBF
letter-probability matrix: alength= 4 w= 12 nsites= 100 E= 0 
 0.250000  0.250000  0.250000  0.250000 
 0.000000  0.000000  1.000000  0.000000 
 0.250000  0.250000  0.250000  0.250000 
 0.000000  0.000000  0.000000  1.000000 
 0.000000  0.000000  1.000000  0.000000 
 0.000000  0.000000  1.000000  0.000000 
 0.000000  0.000000  1.000000  0.000000 
 1.000000  0.000000  0.000000  0.000000 
 1.000000  0.000000  0.000000  0.000000 
 0.250000  0.250000  0.250000  0.250000 
 0.000000  0.000000  1.000000  0.000000 
 0.250000  0.250000  0.250000  0.250000 

MOTIF Spacer
letter-probability matrix: alength= 4 w= 12 nsites= 100 E= 0 
 0.250000  0.250000  0.250000  0.250000 
 1.000000  0.000000  0.000000  0.000000 
 0.000000  0.000000  0.000000  1.000000 
 0.000000  0.000000  1.000000  0.000000 
 0.000000  1.000000  0.000000  0.000000 
 0.000000  0.000000  1.000000  0.000000 
 0.000000  0.000000  0.000000  1.000000 
 1.000000  0.000000  0.000000  0.000000 
 0.000000  0.000000  1.000000  0.000000 
 0.000000  0.000000  1.000000  0.000000 
 0.000000  1.000000  0.000000  0.000000 
 0.250000  0.250000  0.250000  0.250000 

MOTIF EBS
letter-probability matrix: alength= 4 w= 13 nsites= 100 E= 0 
 0.500000  0.500000  0.000000  0.000000 
 0.500000  0.000000  0.000000  0.500000 
 0.500000  0.000000  0.500000  0.000000 
 0.000000  1.000000  0.000000  0.000000 
 1.000000  0.000000  0.000000  0.000000 
 0.000000  0.000000  0.000000  1.000000 
 0.000000  1.000000  0.000000  0.000000 
 0.000000  1.000000  0.000000  0.000000 
 0.000000  0.000000  1.000000  0.000000 
 0.000000  0.000000  1.000000  0.000000 
 1.000000  0.000000  0.000000  0.000000 
 0.000000  0.000000  1.000000  0.000000 
 0.000000  0.000000  0.000000  1.000000 
